0.08 4.46 3.63 1.91 1.69 0.48 
0.08 4.46 3.63 1.94 1.68 0.46 
0.08 4.46 3.63 1.94 1.68 0.46 
0.08 4.46 3.63 1.94 1.68 0.46 
0.08 4.46 3.63 1.94 1.68 0.46 
0.08 4.46 3.63 1.94 1.68 0.47 
0.08 4.46 3.63 1.94 1.68 0.47 
0.08 4.46 3.65 1.93 1.68 0.48 
0.08 4.46 3.65 1.93 1.68 0.49 
0.08 4.46 3.67 1.92 1.68 0.51 
0.08 4.46 3.67 1.92 1.68 0.51 
0.08 4.46 3.70 1.91 1.67 0.54 
0.08 4.46 3.70 1.91 1.67 0.55 
0.08 4.45 3.74 1.90 1.67 0.59 
0.08 4.45 3.75 1.90 1.66 0.59 
0.08 4.45 3.79 1.89 1.66 0.64 
0.08 4.45 3.79 1.88 1.66 0.64 
0.08 4.44 3.84 1.87 1.65 0.69 
0.08 4.44 3.85 1.87 1.64 0.70 
0.08 4.43 3.89 1.86 1.63 0.74 
0.08 4.43 3.90 1.86 1.63 0.75 
0.08 4.42 3.95 1.85 1.62 0.80 
0.08 4.42 3.96 1.85 1.62 0.81 
0.08 4.41 4.01 1.84 1.60 0.85 
0.08 4.41 4.02 1.84 1.60 0.86 
0.08 4.40 4.07 1.83 1.59 0.90 
0.08 4.40 4.07 1.83 1.59 0.91 
0.08 4.39 4.11 1.82 1.57 0.94 
0.08 4.39 4.11 1.82 1.57 0.95 
0.08 4.38 4.14 1.82 1.56 0.97 
0.08 4.38 4.14 1.82 1.56 0.98 
0.08 4.37 4.16 1.82 1.56 0.99 
0.08 4.37 4.16 1.82 1.56 0.99 
0.08 4.37 4.17 1.82 1.55 1.00 
0.08 4.37 4.17 1.82 1.55 1.00 
0.08 4.37 4.17 1.82 1.55 1.00 
0.08 4.37 4.17 1.82 1.55 1.00 
0.08 4.37 4.17 1.82 1.55 1.00 
0.08 4.37 4.17 1.82 1.55 1.00 
0.08 4.37 4.18 1.82 1.55 1.00 
0.08 4.37 4.18 1.82 1.55 1.00 
0.08 4.37 4.18 1.82 1.55 1.01 
0.08 4.37 4.18 1.82 1.55 1.01 
0.08 4.36 4.20 1.81 1.55 1.02 
0.08 4.36 4.20 1.81 1.55 1.02 
0.08 4.36 4.23 1.81 1.54 1.05 
0.08 4.36 4.23 1.81 1.54 1.05 
0.08 4.35 4.27 1.80 1.53 1.08 
0.08 4.34 4.27 1.80 1.53 1.08 
0.08 4.33 4.31 1.80 1.52 1.12 
0.08 4.33 4.32 1.80 1.52 1.12 
0.08 4.31 4.37 1.79 1.50 1.16 
0.08 4.31 4.38 1.79 1.50 1.17 
0.08 4.30 4.43 1.79 1.49 1.21 
0.08 4.29 4.43 1.79 1.48 1.22 
0.08 4.28 4.49 1.79 1.47 1.26 
0.08 4.28 4.49 1.79 1.47 1.26 
0.08 4.26 4.53 1.79 1.45 1.29 
0.08 4.26 4.54 1.79 1.45 1.30 
0.08 4.25 4.57 1.79 1.44 1.32 
0.08 4.25 4.57 1.79 1.44 1.32 
0.08 4.24 4.59 1.79 1.43 1.34 
0.08 4.24 4.59 1.79 1.43 1.34 
0.08 4.23 4.60 1.79 1.42 1.35 
0.08 4.23 4.60 1.79 1.42 1.35 
0.08 4.23 4.60 1.79 1.42 1.35 
0.08 4.23 4.60 1.79 1.42 1.35 
0.08 4.23 4.60 1.80 1.42 1.35 
0.08 4.23 4.60 1.80 1.42 1.35 
0.08 4.24 4.59 1.80 1.42 1.34 
0.08 4.24 4.58 1.80 1.42 1.34 
0.08 4.25 4.55 1.80 1.42 1.32 
0.08 4.25 4.55 1.80 1.43 1.31 
0.08 4.27 4.50 1.80 1.44 1.27 
0.08 4.27 4.49 1.80 1.44 1.27 
0.08 4.29 4.43 1.81 1.46 1.22 
0.08 4.29 4.42 1.81 1.46 1.21 
0.08 4.31 4.36 1.81 1.49 1.16 
0.08 4.31 4.35 1.81 1.49 1.16 
0.08 4.33 4.30 1.81 1.51 1.11 
0.08 4.33 4.30 1.81 1.51 1.11 
0.08 4.35 4.25 1.81 1.52 1.07 
0.08 4.35 4.25 1.81 1.52 1.07 
0.08 4.36 4.22 1.82 1.53 1.04 
0.08 4.36 4.21 1.82 1.54 1.04 
0.08 4.36 4.19 1.82 1.54 1.02 
0.08 4.36 4.19 1.82 1.54 1.02 
0.08 4.37 4.18 1.82 1.55 1.01 
0.08 4.37 4.18 1.82 1.55 1.01 
0.08 4.37 4.18 1.82 1.55 1.01 
0.08 4.37 4.18 1.82 1.55 1.01 
0.08 4.37 4.18 1.82 1.55 1.00 
0.08 4.37 4.18 1.82 1.55 1.00 
0.08 4.37 4.18 1.82 1.55 1.00 
0.08 4.37 4.17 1.82 1.55 1.00 
0.07 4.37 4.17 1.82 1.55 1.00 
0.07 4.37 4.17 1.82 1.55 1.00 
0.07 4.37 4.15 1.82 1.55 0.99 
0.07 4.37 4.15 1.82 1.55 0.98 
0.07 4.38 4.13 1.83 1.56 0.96 
0.07 4.38 4.12 1.83 1.56 0.96 
0.07 4.39 4.09 1.83 1.57 0.93 
0.07 4.39 4.09 1.83 1.57 0.92 
0.07 4.40 4.04 1.84 1.58 0.88 
0.07 4.40 4.04 1.84 1.58 0.88 
0.07 4.41 3.99 1.85 1.59 0.84 
0.07 4.41 3.98 1.85 1.59 0.83 
0.07 4.42 3.93 1.86 1.60 0.78 
0.07 4.42 3.93 1.87 1.60 0.78 
0.07 4.43 3.88 1.88 1.61 0.73 
0.07 4.43 3.88 1.88 1.61 0.73 
0.06 4.44 3.83 1.89 1.62 0.69 
0.06 4.44 3.83 1.89 1.62 0.68 
0.06 4.44 3.79 1.90 1.63 0.64 
0.06 4.44 3.79 1.90 1.63 0.64 
0.06 4.45 3.76 1.91 1.63 0.61 
0.06 4.45 3.75 1.91 1.63 0.61 
0.06 4.45 3.73 1.92 1.64 0.59 
0.06 4.45 3.73 1.92 1.64 0.58 
0.06 4.45 3.72 1.93 1.64 0.57 
0.06 4.45 3.72 1.93 1.64 0.57 
0.06 4.45 3.71 1.93 1.64 0.56 
0.06 4.45 3.71 1.93 1.64 0.56 
0.06 4.45 3.71 1.93 1.64 0.56 
0.06 4.45 3.71 1.93 1.64 0.56 
0.06 4.45 3.71 1.93 1.64 0.56 
0.06 4.45 3.71 1.93 1.64 0.56 
0.06 4.45 3.71 1.93 1.64 0.56 
0.06 4.45 3.71 1.93 1.64 0.56 
0.06 4.45 3.71 1.93 1.64 0.56 
0.06 4.45 3.71 1.93 1.64 0.56 
0.06 4.45 3.70 1.93 1.64 0.55 
0.06 4.45 3.70 1.93 1.64 0.55 
0.06 4.45 3.68 1.94 1.64 0.53 
0.06 4.45 3.68 1.94 1.64 0.53 
0.05 4.45 3.66 1.95 1.64 0.51 
0.05 4.45 3.66 1.95 1.64 0.50 
0.05 4.45 3.63 1.96 1.65 0.47 
0.05 4.45 3.63 1.96 1.65 0.47 
0.05 4.45 3.59 1.97 1.65 0.43 
0.05 4.45 3.59 1.98 1.65 0.43 
0.05 4.45 3.56 1.99 1.65 0.39 
0.05 4.45 3.55 1.99 1.65 0.39 
0.05 4.45 3.52 2.01 1.65 0.35 
0.05 4.45 3.52 2.01 1.65 0.35 
0.04 4.45 3.48 2.02 1.65 0.31 
0.04 4.45 3.48 2.02 1.65 0.31 
0.04 4.44 3.45 2.04 1.65 0.27 
0.04 4.44 3.45 2.04 1.65 0.27 
0.04 4.44 3.43 2.05 1.64 0.24 
0.04 4.44 3.43 2.05 1.64 0.24 
0.04 4.44 3.41 2.06 1.64 0.22 
0.04 4.44 3.41 2.06 1.64 0.22 
0.04 4.43 3.40 2.07 1.64 0.21 
0.04 4.43 3.40 2.07 1.64 0.21 
0.04 4.43 3.39 2.07 1.64 0.20 
0.04 4.43 3.39 2.07 1.64 0.20 
0.04 4.43 3.39 2.07 1.64 0.20 
0.04 4.43 3.39 2.07 1.64 0.20 
0.04 4.43 3.39 2.07 1.64 0.19 
0.04 4.43 3.39 2.07 1.64 0.19 
0.04 4.43 3.39 2.07 1.64 0.19 
0.04 4.43 3.39 2.07 1.64 0.19 
0.04 4.43 3.39 2.07 1.64 0.19 
0.04 4.43 3.39 2.07 1.64 0.19 
0.04 4.43 3.38 2.07 1.64 0.19 
0.04 4.43 3.38 2.07 1.64 0.19 
0.03 4.43 3.37 2.08 1.64 0.17 
0.03 4.43 3.37 2.08 1.64 0.17 
0.03 4.42 3.36 2.09 1.64 0.15 
0.03 4.42 3.35 2.09 1.64 0.15 
0.03 4.42 3.33 2.10 1.63 0.12 
0.03 4.42 3.33 2.10 1.63 0.12 
0.03 4.41 3.31 2.12 1.63 0.09 
0.03 4.41 3.30 2.12 1.63 0.09 
0.03 4.40 3.28 2.13 1.62 0.05 
0.03 4.40 3.28 2.13 1.62 0.05 
0.02 4.39 3.25 2.15 1.61 0.01 
0.02 4.39 3.25 2.15 1.61 0.01 
0.02 4.38 3.23 2.17 1.61 6.26 
0.02 4.38 3.22 2.17 1.61 6.25 
0.02 4.37 3.20 2.18 1.60 6.22 
0.02 4.37 3.20 2.18 1.60 6.22 
0.02 4.36 3.18 2.20 1.59 6.19 
0.02 4.36 3.18 2.20 1.59 6.19 
0.02 4.35 3.17 2.21 1.59 6.17 
0.02 4.35 3.17 2.21 1.59 6.17 
0.02 4.34 3.16 2.21 1.58 6.16 
0.02 4.34 3.16 2.21 1.58 6.16 
0.01 4.34 3.15 2.22 1.58 6.15 
0.01 4.34 3.15 2.22 1.58 6.15 
0.01 4.34 3.15 2.22 1.58 6.15 
0.01 4.34 3.15 2.22 1.58 6.15 
0.01 4.34 3.15 2.22 1.58 6.15 
0.01 4.34 3.15 2.22 1.58 6.15 
0.01 4.34 3.15 2.22 1.58 6.15 
0.01 4.34 3.15 2.22 1.58 6.15 
0.01 4.34 3.15 2.22 1.58 6.14 
0.01 4.34 3.15 2.22 1.58 6.14 
0.01 4.34 3.15 2.22 1.58 6.14 
0.01 4.34 3.15 2.22 1.58 6.14 
0.01 4.33 3.14 2.23 1.57 6.13 
0.01 4.33 3.14 2.23 1.57 6.13 
0.01 4.32 3.13 2.24 1.57 6.11 
0.01 4.32 3.13 2.24 1.57 6.11 
0.01 4.31 3.11 2.25 1.56 6.09 
0.01 4.31 3.11 2.25 1.56 6.08 
0.01 4.30 3.09 2.26 1.55 6.06 
0.01 4.30 3.09 2.26 1.55 6.05 
0.01 4.28 3.07 2.28 1.54 6.02 
0.01 4.28 3.07 2.28 1.54 6.02 
0.01 4.26 3.05 2.29 1.53 5.99 
0.00 4.26 3.05 2.29 1.53 5.99 
0.00 4.24 3.04 2.31 1.52 5.96 
0.00 4.24 3.03 2.31 1.52 5.95 
0.00 4.22 3.02 2.32 1.51 5.93 
0.00 4.22 3.02 2.32 1.50 5.92 
6.28 4.21 3.01 2.34 1.49 5.90 
6.28 4.21 3.00 2.34 1.49 5.90 
6.28 4.19 3.00 2.35 1.49 5.88 
6.28 4.19 3.00 2.35 1.49 5.88 
6.28 4.18 2.99 2.35 1.48 5.87 
6.28 4.18 2.99 2.35 1.48 5.87 
6.28 4.18 2.99 2.36 1.48 5.86 
6.28 4.18 2.99 2.36 1.48 5.86 
6.28 4.18 2.98 2.36 1.47 5.86 
6.28 4.18 2.98 2.36 1.47 5.86 
6.28 4.17 2.98 2.36 1.47 5.85 
6.28 4.17 2.98 2.36 1.47 5.85 
6.28 4.17 2.98 2.36 1.47 5.85 
6.28 4.17 2.98 2.36 1.47 5.85 
6.28 4.17 2.98 2.36 1.47 5.85 
6.28 4.17 2.98 2.36 1.47 5.85 
6.28 4.17 2.98 2.36 1.47 5.85 
6.28 4.17 2.98 2.36 1.47 5.85 
6.28 4.17 2.98 2.36 1.47 5.84 
6.28 4.16 2.98 2.36 1.47 5.84 
6.28 4.16 2.97 2.37 1.46 5.83 
6.28 4.15 2.97 2.37 1.46 5.83 
6.27 4.14 2.96 2.38 1.45 5.81 
6.27 4.14 2.96 2.38 1.45 5.81 
6.27 4.12 2.95 2.39 1.44 5.78 
6.27 4.12 2.95 2.39 1.44 5.78 
6.27 4.10 2.94 2.41 1.43 5.76 
6.27 4.10 2.94 2.41 1.43 5.75 
6.27 4.07 2.93 2.42 1.41 5.73 
6.27 4.07 2.93 2.42 1.41 5.73 
6.27 4.05 2.92 2.43 1.40 5.70 
6.27 4.05 2.92 2.43 1.40 5.70 
6.27 4.02 2.91 2.44 1.39 5.68 
6.27 4.02 2.91 2.45 1.38 5.67 
6.27 4.00 2.91 2.45 1.37 5.65 
6.27 4.00 2.91 2.46 1.37 5.65 
6.27 3.98 2.90 2.46 1.36 5.64 
6.26 3.98 2.90 2.46 1.36 5.64 
6.26 3.97 2.90 2.47 1.36 5.62 
6.26 3.97 2.90 2.47 1.36 5.62 
6.26 3.96 2.90 2.47 1.35 5.62 
6.26 3.96 2.90 2.47 1.35 5.62 
6.26 3.96 2.90 2.47 1.35 5.61 
6.26 3.96 2.90 2.47 1.35 5.61 
6.26 3.95 2.90 2.48 1.35 5.61 
6.26 3.95 2.90 2.48 1.35 5.61 
6.26 3.95 2.90 2.48 1.35 5.61 
6.26 3.95 2.90 2.48 1.35 5.61 
6.26 3.95 2.90 2.48 1.35 5.61 
6.26 3.95 2.90 2.48 1.35 5.61 
6.26 3.96 2.90 2.48 1.35 5.61 
6.26 3.96 2.90 2.48 1.35 5.61 
6.26 3.96 2.90 2.48 1.35 5.62 
6.26 3.96 2.90 2.47 1.35 5.62 
6.26 3.97 2.90 2.47 1.36 5.63 
6.26 3.97 2.90 2.47 1.36 5.63 
6.27 3.99 2.91 2.46 1.37 5.65 
6.27 3.99 2.91 2.46 1.37 5.65 
6.27 4.01 2.91 2.45 1.38 5.67 
6.27 4.01 2.91 2.45 1.38 5.67 
6.27 4.03 2.92 2.44 1.39 5.69 
6.27 4.04 2.92 2.44 1.39 5.69 
6.27 4.06 2.93 2.43 1.41 5.72 
6.27 4.06 2.93 2.43 1.41 5.72 
6.27 4.09 2.94 2.41 1.42 5.75 
6.27 4.09 2.94 2.41 1.42 5.75 
6.27 4.11 2.95 2.40 1.43 5.77 
6.27 4.11 2.95 2.40 1.44 5.78 
6.27 4.13 2.96 2.39 1.45 5.80 
6.27 4.13 2.96 2.39 1.45 5.80 
6.27 4.15 2.97 2.38 1.46 5.82 
6.27 4.15 2.97 2.38 1.46 5.82 
6.28 4.16 2.98 2.37 1.46 5.84 
6.28 4.16 2.98 2.37 1.46 5.84 
6.28 4.17 2.98 2.37 1.47 5.85 
6.28 4.17 2.98 2.37 1.47 5.85 
6.28 4.17 2.98 2.36 1.47 5.85 
6.28 4.17 2.98 2.36 1.47 5.85 
6.28 4.17 2.98 2.36 1.47 5.85 
6.28 4.17 2.98 2.36 1.47 5.85 
6.28 4.17 2.98 2.36 1.47 5.85 
6.28 4.17 2.98 2.36 1.47 5.85 
